Ваша матрица:
  123  132   31   23
   12  132  321  231
  132 1231 2321   33
12132  123  132  132
Ваша преобразованная матрица:
  132 1231 2321   33
12132  123  132  132
   31   23  123  132
  321  231   12  132
