Ваша матрица:
  123  312  321  231
  132    2   23   32
   32  231 1313  213
 3213 3123  312  312
Ваша преобразованная матрица:
   32  231 1313  213
 3213 3123  312  312
  321  231  123  312
   23   32  132    2
