Ваша матрица:
    1   23  231   32
  132  132  312 1323
 1232 1312  123  312
  312  132  312  132
Ваша преобразованная матрица:
 1232 1312  123  312
  312  132  312  132
  231   32    1   23
  312 1323  132  132
